   1.8896960e+00
   2.1090810e+00
   2.1251970e+00
   2.0049780e+00
   1.8688410e+00
   1.7630790e+00
   1.8559710e+00
   1.8379460e+00
   1.8709260e+00
   1.8866670e+00
   1.8655480e+00
   1.6970400e+00
   1.7633990e+00
   1.9634370e+00
   2.0572250e+00
   1.9814530e+00
   1.9705740e+00
   1.9257670e+00
   1.8799580e+00
   2.0177680e+00
   2.1061980e+00
   2.0613240e+00
   2.0960810e+00
   2.1228930e+00
   2.0696460e+00
   1.8377120e+00
   1.8471550e+00
   1.9490430e+00
   1.9159530e+00
   2.0374800e+00
   2.0062450e+00
   1.9633010e+00
   1.7916480e+00
   1.7937610e+00
   1.9296720e+00
   1.8625600e+00
   1.8125150e+00
   1.9650070e+00
   1.9139560e+00
   1.7310880e+00
   2.0042800e+00
   2.1104860e+00
   2.0862120e+00
   2.0630410e+00
   1.9984610e+00
   1.9904540e+00
   1.7878330e+00
   1.7574820e+00
   1.8601260e+00
   2.0608330e+00
   2.1043130e+00
   2.0603150e+00
   1.9535350e+00
   1.7719790e+00
   1.7839180e+00
   1.9346260e+00
   2.0033280e+00
   2.0977920e+00
   2.0728590e+00
   2.0262240e+00
   1.7477740e+00
   1.7093210e+00
   1.7220150e+00
   1.8616770e+00
   1.9255720e+00
   1.8784120e+00
   1.9100180e+00
   1.8546480e+00
   1.8048770e+00
   1.9290880e+00
   1.8591290e+00
   1.9215890e+00
   1.8592290e+00
   1.7870400e+00
   1.6892060e+00
   1.7534230e+00
   1.8608930e+00
   1.8396960e+00
   1.8099550e+00
   1.8135820e+00
   1.7425910e+00
   1.6593940e+00
   1.6187980e+00
   1.8052490e+00
   1.8438530e+00
   1.7443230e+00
   1.7837960e+00
   1.8250170e+00
   1.6499330e+00
   1.5863410e+00
   1.7671170e+00
   1.6823580e+00
   1.7037750e+00
   1.7501060e+00
   1.7419330e+00
   1.5116970e+00
   1.5697000e+00
   1.6606080e+00
   1.7172950e+00
   1.7400140e+00
   1.7089100e+00
   1.7934290e+00
   1.4968300e+00
   1.5714160e+00
   1.7302340e+00
   1.7001450e+00
   1.7241270e+00
   1.7264280e+00
   1.7667160e+00
   1.5634370e+00
   1.5200990e+00
   1.7284480e+00
   1.7293760e+00
   1.8078950e+00
   1.7641720e+00
   1.8463080e+00
   1.6785370e+00
   1.5242970e+00
   1.7416740e+00
   1.6783310e+00
   1.7245130e+00
   1.7240880e+00
   1.7045480e+00
   1.4711830e+00
   1.4410520e+00
   1.6612650e+00
   1.7542720e+00
   1.8641630e+00
   1.7988920e+00
   1.7642120e+00
   1.5401730e+00
   1.5047930e+00
   1.6775060e+00
   1.7964720e+00
   1.7581680e+00
   1.7656150e+00
   1.7212800e+00
   1.5195690e+00
   1.5068810e+00
   1.7105000e+00
   1.6863190e+00
   1.6976510e+00
   1.7165510e+00
   1.6739350e+00
   1.4200670e+00
   1.4212970e+00
   1.5455020e+00
   1.8848320e+00
   1.7532770e+00
   1.8403350e+00
   1.8717750e+00
   1.7867110e+00
   1.6392850e+00
   1.8714910e+00
   1.9225980e+00
   1.9672920e+00
   2.4333370e+00
   2.6997730e+00
   2.5031230e+00
   2.5762800e+00
   2.8216660e+00
   2.5905070e+00
   2.4188210e+00
   2.6489580e+00
   2.5727160e+00
   1.9402730e+00
   2.0215240e+00
   2.1769290e+00
   1.8107880e+00
   1.8199270e+00
   1.7768830e+00
   1.8949300e+00
   1.8910170e+00
   1.8996970e+00
   2.0236870e+00
   2.0191240e+00
   2.1603460e+00
   2.5014160e+00
   2.2733910e+00
   2.1193270e+00
   1.8142650e+00
   1.9750910e+00
   1.9703400e+00
   2.1224510e+00
   1.9824080e+00
   1.6274760e+00
   1.9183150e+00
   2.0497860e+00
   2.4272250e+00
   2.6408290e+00
   2.3508720e+00
   2.3213390e+00
   2.3591090e+00
   2.3979990e+00
   2.1059360e+00
   2.2787700e+00
   2.3691380e+00
   2.6033740e+00
   2.7081310e+00
   2.7005850e+00
   2.4667150e+00
   2.3968810e+00
   2.6193250e+00
   2.4925970e+00
   2.2603920e+00
   2.1488570e+00
   2.3068710e+00
   2.2307350e+00
   2.1366540e+00
   2.4686780e+00
   2.5566600e+00
   2.4314320e+00
   2.6284240e+00
   2.5935060e+00
   2.2546700e+00
   2.0582820e+00
   2.4164570e+00
   2.4132080e+00
   2.5165090e+00
   2.3586610e+00
   2.0387840e+00
   1.8026340e+00
   1.6938320e+00
   1.8615690e+00
   1.9788290e+00
   2.0797240e+00
   1.9647070e+00
   1.9889090e+00
   1.7699730e+00
   1.8739830e+00
   2.2590710e+00
   2.3243880e+00
   2.2226160e+00
   2.4533300e+00
   2.4952470e+00
   2.2947190e+00
   2.3620900e+00
   2.3213080e+00
   2.1343740e+00
   1.9293910e+00
   1.8541010e+00
   2.1637450e+00
   2.1262820e+00
   1.9603360e+00
   2.1059230e+00
   2.4765000e+00
   2.5590270e+00
   2.5846450e+00
   2.5909040e+00
   2.0304840e+00
   1.7386910e+00
   2.1434910e+00
   1.8978510e+00
   1.8730390e+00
   2.0117380e+00
   2.0047660e+00
   1.9689630e+00
   2.3121670e+00
   1.7641540e+00
   1.7784170e+00
   1.8613780e+00
   1.8864650e+00
   1.8596660e+00
   1.7451430e+00
   1.8166230e+00
   1.8249270e+00
   1.9399910e+00
   1.9446320e+00
   1.8422920e+00
   1.7855360e+00
   1.7050870e+00
   1.6913530e+00
   1.8884270e+00
   1.7667290e+00
   1.6457320e+00
   1.6834370e+00
   1.6528900e+00
   1.4642390e+00
   1.4941510e+00
   1.6445920e+00
   1.6479080e+00
   1.6801680e+00
   1.6825100e+00
   1.6715820e+00
   1.5051260e+00
   1.5812770e+00
   1.7149040e+00
   1.7700260e+00
   1.8002080e+00
   1.6989120e+00
   1.6478230e+00
   1.4789060e+00
   1.5185900e+00
   1.6936960e+00
   1.7322850e+00
   1.7101580e+00
   1.7073880e+00
   1.7018620e+00
   1.5863910e+00
   1.5694890e+00
   1.7571600e+00
   1.7850560e+00
   1.8236470e+00
   1.7741520e+00
   1.7366990e+00
   1.5612600e+00
   1.5963550e+00
   1.8033880e+00
   1.7622680e+00
   1.8213190e+00
   1.8304380e+00
   1.7770120e+00
   1.6290810e+00
   1.6663480e+00
   1.9079380e+00
   1.8436960e+00
   1.8146760e+00
   1.8171600e+00
   1.7616900e+00
   1.6500590e+00
   1.7278210e+00
   1.8992710e+00
   1.9608600e+00
   1.9598980e+00
   2.0027220e+00
   1.9996350e+00
   1.8771020e+00
   1.7982920e+00
   1.9600550e+00
   1.9750720e+00
   1.8522160e+00
   1.5246590e+00
   1.7223630e+00
   1.7273310e+00
   1.7717240e+00
   1.8901670e+00
   1.9934710e+00
   1.9340160e+00
   1.9513350e+00
   2.0258500e+00
   1.9454040e+00
   1.9301840e+00
   2.0118190e+00
   1.8860880e+00
   1.9300910e+00
   2.0193810e+00
   2.0097390e+00
   1.8989190e+00
   1.7975450e+00
   1.9030380e+00
   2.0611810e+00
   2.0020880e+00
   1.9840540e+00
   1.9341290e+00
   1.8784520e+00
   2.0445560e+00
   2.2454180e+00
   2.0556720e+00
   1.7384790e+00
   1.6617110e+00
   1.8004160e+00
   1.6194750e+00
   1.6350720e+00
   1.8114740e+00
   1.8369760e+00
   1.9294360e+00
   1.7793320e+00
   1.7974420e+00
   1.7303640e+00
   1.7212400e+00
   1.8959270e+00
   1.9586350e+00
   2.0062340e+00
   2.0704800e+00
   1.9640480e+00
   1.8315540e+00
   1.8259490e+00
   2.0385590e+00
   2.0310550e+00
   2.1002180e+00
   2.1358850e+00
   2.1969910e+00
   1.9963220e+00
   1.8460240e+00
   2.0755250e+00
   2.1095830e+00
   2.1121280e+00
   1.9846360e+00
   1.8209910e+00
   1.8750710e+00
   1.9182610e+00
   2.0736600e+00
   2.0540660e+00
   2.0330440e+00
   2.0045950e+00
   1.9740960e+00
   1.8326960e+00
   1.5887190e+00
   1.9282190e+00
   1.9989750e+00
   2.0786110e+00
   2.0900380e+00
   1.9127680e+00
   1.6272520e+00
   1.6797360e+00
   1.7866590e+00
   1.8231680e+00
   1.7545260e+00
   1.8359560e+00
   1.7923290e+00
   1.6786100e+00
   1.6955350e+00
   1.8964180e+00
   1.8946520e+00
   1.7812170e+00
   1.9727990e+00
   1.9034220e+00
   1.6712740e+00
   1.7786490e+00
   2.0069720e+00
   1.9111590e+00
   1.8285420e+00
   1.7645430e+00
   1.7239620e+00
   1.6422200e+00
   1.7326600e+00
   2.0284770e+00
   1.9838130e+00
   1.8927450e+00
   1.7803610e+00
   1.6484260e+00
   1.5189600e+00
   1.4968740e+00
   1.6815940e+00
   1.7197740e+00
   1.7068900e+00
   1.7965750e+00
   1.7567490e+00
   1.5246740e+00
   1.4866550e+00
   1.6436870e+00
   1.6495700e+00
   1.6644160e+00
   1.6520170e+00
   1.7691940e+00
   1.5579850e+00
   1.4843400e+00
   1.6989370e+00
   1.7174250e+00
   1.7196970e+00
   1.6800040e+00
   1.6872000e+00
   1.4766750e+00
   1.5007850e+00
   1.7444890e+00
   1.6686030e+00
   1.6768930e+00
   1.6251720e+00
   1.6472320e+00
   1.4759960e+00
   1.4214320e+00
   1.7259300e+00
   1.7989850e+00
   1.7592090e+00
   1.6744760e+00
   1.5597650e+00
   1.4538150e+00
   1.3839480e+00
   1.6675630e+00
   1.6517580e+00
   1.6999280e+00
   1.6769390e+00
   1.6347300e+00
   1.4184660e+00
   1.4497970e+00
   1.6365350e+00
   1.6459910e+00
   1.6736080e+00
   1.6416900e+00
   1.6724070e+00
   1.6777350e+00
   1.7448740e+00
   2.0614800e+00
   2.0007580e+00
   1.6514620e+00
   1.6895380e+00
   1.7089730e+00
   1.4069220e+00
   1.3888230e+00
   1.6290530e+00
   1.6565960e+00
   1.6943660e+00
   1.6801910e+00
   1.7136550e+00
   1.5184880e+00
   1.3729610e+00
   1.6274710e+00
   1.6695490e+00
   1.7101930e+00
   1.7816930e+00
   1.7851960e+00
   1.6238100e+00
   1.3798470e+00
   1.6173480e+00
   1.7188970e+00
   1.8427840e+00
   1.9923360e+00
   2.0447130e+00
   1.8211760e+00
   1.7804710e+00
   1.8524860e+00
   1.7673300e+00
   2.0137850e+00
   2.1798470e+00
   1.7495170e+00
   1.5403300e+00
   1.4381890e+00
   1.7479360e+00
   2.0859820e+00
   1.7307020e+00
   1.7277660e+00
   1.6806660e+00
   1.5955210e+00
   1.7167030e+00
   2.1910490e+00
   2.2955830e+00
   2.0489130e+00
   1.9829960e+00
   1.8181410e+00
   1.6792720e+00
   1.6795930e+00
   2.0317670e+00
   2.1460870e+00
   1.8623030e+00
   1.8678520e+00
   1.9575280e+00
   1.9579810e+00
   1.7655240e+00
   2.2300950e+00
   2.2563540e+00
   2.3266590e+00
   2.5487230e+00
   2.2983040e+00
   1.9381900e+00
   1.7995330e+00
   2.0104560e+00
   1.8831120e+00
   1.8509650e+00
   1.7613560e+00
   1.5532380e+00
   1.5324100e+00
   1.6521370e+00
   2.0152070e+00
   2.0575680e+00
   1.8767190e+00
   2.0972850e+00
   2.2371660e+00
   2.0543030e+00
   1.9155740e+00
   2.0669040e+00
   1.9791220e+00
   2.1986040e+00
   2.4734700e+00
   1.9901030e+00
   1.5705760e+00
   1.5881530e+00
   1.8899550e+00
   2.0146550e+00
   2.0678390e+00
   2.0287940e+00
   2.0295080e+00
   1.7812180e+00
   1.7945690e+00
   2.2553360e+00
   2.3611480e+00
   2.0673150e+00
   2.2491360e+00
   2.0771710e+00
   1.9723140e+00
   1.8986520e+00
   2.1268110e+00
   2.2885010e+00
   2.0232190e+00
   1.9459980e+00
   1.9932650e+00
   1.8468520e+00
   2.3683410e+00
   2.6902760e+00
   2.3590680e+00
   2.1965130e+00
   2.2943700e+00
   2.4301230e+00
   2.3657090e+00
   2.4258780e+00
   2.7322220e+00
   2.5388100e+00
   2.4393830e+00
   2.4899430e+00
   2.3179920e+00
   1.9928140e+00
   1.6686370e+00
   2.0235650e+00
   2.2318250e+00
   2.3362680e+00
   2.2587900e+00
   1.9773940e+00
   1.8598640e+00
   1.5137480e+00
   1.7692440e+00
   1.7805160e+00
   1.8336190e+00
   1.8563740e+00
   1.8816460e+00
   1.7432320e+00
   1.6722930e+00
   1.6416200e+00
   1.9225320e+00
   1.9455110e+00
   1.8658400e+00
   1.7256770e+00
   1.5425680e+00
   1.6742820e+00
   1.9864300e+00
   2.0352600e+00
   1.8874580e+00
   1.8424380e+00
   1.8330950e+00
   1.5617770e+00
   1.7397700e+00
   1.9636660e+00
   1.9395740e+00
   2.0747610e+00
   1.9714500e+00
   1.7726780e+00
   1.5273480e+00
   1.5139610e+00
   1.6911950e+00
   1.6632720e+00
   1.6299370e+00
   1.6475030e+00
   1.6697490e+00
   1.5013640e+00
   1.4949560e+00
   1.6491400e+00
   1.6872810e+00
   1.6618450e+00
   1.6782030e+00
   1.7368430e+00
   1.4891040e+00
   1.4989840e+00
   1.7167770e+00
   1.6986220e+00
   1.7487980e+00
   1.7486600e+00
   1.7608450e+00
   1.6302290e+00
   1.5762350e+00
   1.7095270e+00
   1.6975700e+00
   1.6958160e+00
   1.6991360e+00
   1.6571150e+00
   1.4628720e+00
   1.4629620e+00
   1.6229150e+00
   1.6796680e+00
   1.7049180e+00
   1.6616780e+00
   1.6180660e+00
   1.5056990e+00
   1.5784990e+00
   1.7360250e+00
   1.7429400e+00
   1.7950400e+00
   1.7840140e+00
   1.6703220e+00
   1.5290400e+00
   1.5450820e+00
   1.6958600e+00
   1.7288840e+00
   1.7115540e+00
   1.7372320e+00
   1.6766110e+00
   1.5311570e+00
   1.5700280e+00
   1.7017650e+00
   1.7358680e+00
   1.7459620e+00
   1.7862320e+00
   1.7293580e+00
   1.6023550e+00
   1.5491020e+00
   1.7315720e+00
   1.6896820e+00
   1.6760350e+00
   1.4295310e+00
   1.6832840e+00
   1.5878210e+00
   1.5938260e+00
   1.8020010e+00
   1.8056640e+00
   1.8605810e+00
   1.8608470e+00
   1.8178030e+00
   1.7960040e+00
   1.8311860e+00
   1.9629150e+00
   1.9406560e+00
   1.9263440e+00
   2.1212820e+00
   1.9845430e+00
   1.8104580e+00
   1.8013500e+00
   1.9189400e+00
   1.9857540e+00
   2.0474640e+00
   2.0014490e+00
   1.9433610e+00
   1.8968280e+00
   1.8762650e+00
   2.0014840e+00
   1.9798370e+00
   1.9539470e+00
   1.7566610e+00
   1.5689280e+00
   1.7029530e+00
   1.7193890e+00
   2.0091190e+00
   1.9927510e+00
   1.9471350e+00
   1.8259600e+00
   1.7908070e+00
   1.9601150e+00
   2.0049950e+00
   2.0910050e+00
   2.1219060e+00
   2.1138420e+00
   2.0593280e+00
   2.1132180e+00
   1.9211570e+00
   1.9736750e+00
   2.1020870e+00
   2.0893200e+00
   2.0405980e+00
   1.9326370e+00
   1.8855520e+00
   1.6892120e+00
   1.7353280e+00
   1.8902040e+00
   1.9412630e+00
   1.9434930e+00
   1.8992330e+00
   1.8497800e+00
   1.6622980e+00
   1.7010700e+00
   1.8537140e+00
   1.9968210e+00
   1.9753170e+00
   2.0617110e+00
   2.0431690e+00
   1.9407710e+00
   1.8641530e+00
   1.9389870e+00
   1.9242440e+00
   1.9375870e+00
   1.8632780e+00
   1.9064290e+00
   1.6743260e+00
   1.7989970e+00
   1.9611120e+00
   1.9991560e+00
   2.0170720e+00
   1.9699830e+00
   1.8977590e+00
   1.8304820e+00
   1.8619700e+00
   2.0007720e+00
   2.0471280e+00
   2.0251330e+00
   2.0087230e+00
   1.9121610e+00
   1.7579330e+00
   1.7347920e+00
   1.8845240e+00
   1.9508760e+00
   1.8858910e+00
   1.9980880e+00
   2.0035170e+00
   1.7869530e+00
   1.7708930e+00
   1.8799890e+00
   1.9282410e+00
   1.9166720e+00
   1.8828340e+00
   1.8618310e+00
   1.6632650e+00
   1.6583390e+00
   1.7815660e+00
   1.7610270e+00
   1.7229150e+00
   1.7221360e+00
   1.7316270e+00
   1.6100080e+00
   1.6240240e+00
   1.7879980e+00
   1.7388300e+00
   1.7716830e+00
   1.7164800e+00
   1.7255550e+00
   1.5240990e+00
   1.5219840e+00
   1.7245570e+00
   1.7831730e+00
   1.7203290e+00
   1.7370710e+00
   1.7869720e+00
   1.6013590e+00
   1.5638850e+00
   1.7540140e+00
   1.6888280e+00
   1.7005790e+00
   1.7236540e+00
   1.6561790e+00
   1.6001700e+00
   1.4596620e+00
   1.7663530e+00
   1.9195130e+00
   1.9699190e+00
   1.8444680e+00
   1.6824980e+00
   1.4856800e+00
   1.5184280e+00
   1.7170910e+00
   1.7231320e+00
   1.6997740e+00
   1.7477510e+00
   1.8513600e+00
   1.4970850e+00
   1.5289960e+00
   1.7117940e+00
   1.6569990e+00
   1.6832880e+00
   1.7067960e+00
   1.7267250e+00
   1.4700380e+00
   1.4817710e+00
   1.7018410e+00
   1.6613870e+00
   1.7133460e+00
   1.6898320e+00
   1.7734440e+00
   1.6895780e+00
   1.6174830e+00
   1.9122580e+00
   1.8006590e+00
   1.9184500e+00
   1.8140870e+00
   1.7699070e+00
   1.4606160e+00
   1.4934700e+00
   1.6621640e+00
   1.7241560e+00
   1.7112020e+00
   1.7255230e+00
   1.9625720e+00
   1.5529570e+00
   1.5402300e+00
   1.7644940e+00
   1.7110990e+00
   1.7491910e+00
   1.8579410e+00
   1.8668870e+00
   1.6044960e+00
   1.7201350e+00
   2.0103050e+00
   2.1804740e+00
   2.4006460e+00
   2.4655050e+00
   2.3709720e+00
   2.0649910e+00
   2.0814850e+00
   2.0946940e+00
   2.3165510e+00
   2.3238830e+00
   2.1200360e+00
   2.2877330e+00
   1.9231750e+00
   1.7513490e+00
   1.8563950e+00
   1.8802810e+00
   1.8960970e+00
   2.1237930e+00
   2.0770760e+00
   2.2691540e+00
   2.1738810e+00
   2.2851510e+00
   2.2399380e+00
   2.4197670e+00
   1.9490720e+00
   2.2564170e+00
   2.3694170e+00
   2.1679170e+00
   2.4771410e+00
   2.5080670e+00
   2.7199050e+00
   2.4549790e+00
   2.3248580e+00
   2.3002350e+00
   2.4742600e+00
   2.3974010e+00
   2.0481090e+00
   1.8935450e+00
   1.8358800e+00
   1.8573720e+00
   1.9797670e+00
   2.1772770e+00
   2.5702450e+00
   2.8329980e+00
   2.8575640e+00
   2.8260200e+00
   2.6823000e+00
   2.1699480e+00
   2.2650490e+00
   2.4004130e+00
   2.3807300e+00
   2.5162740e+00
   2.7572760e+00
   2.5530510e+00
   2.4292800e+00
   2.4741510e+00
   2.6017690e+00
   2.4292640e+00
   2.7023850e+00
   2.6907460e+00
   2.8886570e+00
   2.7694870e+00
   2.2748820e+00
   2.4068860e+00
   2.5040240e+00
   2.7592470e+00
   2.4961020e+00
   2.1564870e+00
   2.0518510e+00
   2.1865020e+00
   2.6427310e+00
   2.3596920e+00
   2.7614830e+00
   2.6042170e+00
   2.2504790e+00
   1.9888640e+00
   2.1440810e+00
   2.7153170e+00
   2.8254230e+00
   2.8567700e+00
   2.6352950e+00
   2.6599840e+00
   2.4977350e+00
   2.4073690e+00
   2.6420170e+00
   2.4151150e+00
   2.3783410e+00
   2.5691110e+00
   2.7078850e+00
   2.4340170e+00
   2.0846810e+00
   2.1057840e+00
   2.0067640e+00
   2.1051370e+00
   2.1192670e+00
   2.0024540e+00
   1.9416260e+00
   2.2626420e+00
   2.7367660e+00
   2.8219220e+00
   2.8492990e+00
   2.8485210e+00
   2.5422630e+00
   1.5649840e+00
   1.4937610e+00
   1.6640600e+00
   2.3432940e+00
   2.0837430e+00
   1.8297220e+00
   1.7794480e+00
   1.6410920e+00
   1.6506150e+00
   1.9742010e+00
   1.9573450e+00
   1.9675900e+00
   1.8799620e+00
   1.7782400e+00
   1.6184170e+00
   1.6477490e+00
   1.8266390e+00
   2.0079320e+00
   2.2943880e+00
   2.3568590e+00
   2.4397720e+00
   1.7210770e+00
   1.5060160e+00
   1.7578940e+00
   1.7594930e+00
   1.7551050e+00
   1.7604240e+00
   1.6994970e+00
   1.5080300e+00
   1.5348480e+00
   1.7149240e+00
   1.7782840e+00
   1.7427850e+00
   1.7125070e+00
   1.7237060e+00
   1.5528060e+00
   1.6051530e+00
   1.8191820e+00
   1.7736240e+00
   1.7324220e+00
   1.7122000e+00
   1.6718740e+00
   1.5064990e+00
   1.5042460e+00
   1.7048390e+00
   1.7152050e+00
   1.7156340e+00
   1.7289730e+00
   1.7115820e+00
   1.5373120e+00
   1.5747750e+00
   1.7583820e+00
   1.8116690e+00
   1.7569280e+00
   1.7229510e+00
   1.7058480e+00
   1.5742500e+00
   1.5970340e+00
   1.8148190e+00
   1.8400500e+00
   1.8338950e+00
   1.8496090e+00
   1.8439700e+00
   1.6697840e+00
   1.6720160e+00
   1.8211800e+00
   1.8474420e+00
   1.8257610e+00
   1.7932800e+00
   1.7707600e+00
   1.5908230e+00
   1.6271360e+00
   1.8326530e+00
   1.8534970e+00
   1.8489420e+00
   1.8996240e+00
   1.8160340e+00
   1.6870950e+00
   1.6843460e+00
   1.7906240e+00
   1.8057450e+00
   1.8034010e+00
   1.5683100e+00
   1.7256540e+00
   1.7366720e+00
   1.6827850e+00
   1.8181490e+00
   1.9042740e+00
   2.0561950e+00
   2.0856760e+00
   1.9972700e+00
   1.8331670e+00
   1.9626280e+00
   2.0891320e+00
   2.1659470e+00
   2.1290490e+00
   2.1160390e+00
   2.0075710e+00
   1.8182600e+00
   1.9160150e+00
   2.1984820e+00
   2.2806260e+00
   2.1973510e+00
   2.1722620e+00
   2.0802350e+00
   1.9489200e+00
   2.0648920e+00
   2.1381200e+00
   2.0915610e+00
   2.0631000e+00
   2.0100630e+00
   1.8361770e+00
   1.6677580e+00
   1.9175470e+00
   2.0408110e+00
   2.0182890e+00
   1.9509730e+00
   1.8909850e+00
   1.7535310e+00
   1.6461750e+00
   1.8205710e+00
   2.0231200e+00
   2.0217040e+00
   2.0597370e+00
   2.0866620e+00
   2.0263130e+00
   1.9611830e+00
   1.9552600e+00
   2.0595220e+00
   2.0864050e+00
   2.1111290e+00
   2.0859770e+00
   2.0190650e+00
   1.8344810e+00
   1.9265990e+00
   2.0462260e+00
   1.9420540e+00
   2.0724630e+00
   2.0901150e+00
   2.1436250e+00
   1.9642450e+00
   1.9357930e+00
   2.1046050e+00
   1.9685560e+00
   2.0121650e+00
   1.9914070e+00
   1.9512390e+00
   1.8461360e+00
   1.8596330e+00
   2.0348780e+00
   1.9885250e+00
   2.0857950e+00
   2.0432700e+00
   2.0150560e+00
   1.7817280e+00
   1.7023100e+00
   1.9451240e+00
   2.0951980e+00
   2.0971540e+00
   2.1001790e+00
   1.9931220e+00
   1.7826330e+00
   1.7083210e+00
   1.9363140e+00
   1.9069870e+00
   1.8817190e+00
   1.7999430e+00
   1.7129380e+00
   1.6827040e+00
   1.7351250e+00
   2.0053010e+00
   2.0113170e+00
   1.9454800e+00
   1.9037420e+00
   1.9383260e+00
   1.7177570e+00
   1.6225290e+00
   1.8805500e+00
   1.8606910e+00
   1.8985230e+00
   1.9361280e+00
   1.8083630e+00
   1.6286980e+00
   1.7272310e+00
   1.8466010e+00
   1.7854310e+00
   1.8758390e+00
   1.7923630e+00
   1.8347080e+00
   1.6237920e+00
   1.7207140e+00
   1.7905700e+00
   1.7856070e+00
   1.7911770e+00
   1.7171210e+00
   1.7142730e+00
   1.5796790e+00
   1.5651170e+00
   1.6951990e+00
   1.7511520e+00
   1.7575960e+00
   1.8184810e+00
   1.8563940e+00
   1.6783480e+00
   1.6756380e+00
   1.8716630e+00
   1.8430720e+00
   1.8279970e+00
   1.8192840e+00
   1.8100000e+00
   1.5669190e+00
   1.5379010e+00
   1.6811670e+00
   1.8011240e+00
   1.8049390e+00
   1.6851260e+00
   1.7059170e+00
   1.5318400e+00
   1.5937620e+00
   1.8385770e+00
   1.7264820e+00
   1.7482180e+00
   1.7212580e+00
   1.6966430e+00
   1.5464670e+00
   1.5566620e+00
   1.7213060e+00
   1.7125610e+00
   1.7421270e+00
   1.7497280e+00
   1.6136220e+00
   1.4989130e+00
   1.4395980e+00
   1.8238820e+00
   1.9129220e+00
   1.9252650e+00
   1.7116690e+00
   1.6824780e+00
   1.4469480e+00
   1.5434240e+00
   1.7800950e+00
   1.6833910e+00
   1.7459130e+00
   1.6926670e+00
   1.6791950e+00
   1.4251210e+00
   1.4781220e+00
   1.6762020e+00
   1.7454610e+00
   1.8783870e+00
   2.0391220e+00
   2.0935520e+00
   1.7228600e+00
   1.6152720e+00
   1.6783630e+00
   1.7179970e+00
   1.7854990e+00
   1.7481180e+00
   1.7817670e+00
   1.6366590e+00
   1.8035740e+00
   1.9878530e+00
   1.9846900e+00
   2.1405700e+00
   2.1707220e+00
   1.8892730e+00
   1.7735950e+00
   1.9897040e+00
   2.4242590e+00
   2.8312510e+00
   2.6506070e+00
   2.0181050e+00
   1.8439240e+00
   1.9563700e+00
   2.1567910e+00
   2.4180610e+00
   2.1035680e+00
   2.7645120e+00
   2.7755530e+00
   2.4019860e+00
   2.1073550e+00
   1.9424130e+00
   1.8642080e+00
   1.7802190e+00
   1.9252840e+00
   2.0328040e+00
   1.9940180e+00
   2.0111320e+00
   1.9879390e+00
   2.2919900e+00
   2.6428860e+00
   2.4992870e+00
   2.2782110e+00
   1.9584990e+00
   1.6095680e+00
   1.7482700e+00
   2.2280650e+00
   2.5423680e+00
   2.1900550e+00
   2.2242610e+00
   2.2608440e+00
   2.1694050e+00
   2.2923970e+00
   2.1168680e+00
   2.5188500e+00
   2.6891340e+00
   2.6709660e+00
   2.0711090e+00
   2.2164910e+00
   2.4195340e+00
   2.8118960e+00
   2.6647940e+00
   2.3804940e+00
   2.3200400e+00
   2.2664950e+00
   2.3085470e+00
   2.4424250e+00
   2.7196860e+00
   2.6504940e+00
   2.8166480e+00
   3.0116430e+00
   3.0107010e+00
   2.6943300e+00
   2.5120390e+00
   2.5278700e+00
   2.6640460e+00
   2.5245080e+00
   2.7570590e+00
   2.8600470e+00
   2.4593450e+00
   2.5164360e+00
   2.7581250e+00
   2.8462150e+00
   2.3024790e+00
   2.7014090e+00
   2.7311710e+00
   2.4577370e+00
   2.4637990e+00
   2.5417160e+00
   2.4719690e+00
   2.2520150e+00
   2.1492380e+00
   2.1153890e+00
   2.0913670e+00
   1.9132270e+00
   2.0271810e+00
   2.2944500e+00
   2.3488460e+00
   2.4630370e+00
   2.3077520e+00
   2.0994520e+00
   2.0575110e+00
   1.9616660e+00
   2.0244640e+00
   2.1542560e+00
   2.3720790e+00
   2.2587090e+00
   2.0918480e+00
   1.9023910e+00
   1.8916490e+00
   2.0192080e+00
   2.2611380e+00
   2.2790160e+00
   2.7028730e+00
   2.6554380e+00
   2.0237980e+00
   1.5961630e+00
   1.7472740e+00
   1.7881180e+00
   2.0150170e+00
   1.9636050e+00
   1.8244560e+00
   1.7969380e+00
   2.0840800e+00
   2.2897810e+00
   2.1964090e+00
   1.7894800e+00
   1.7268200e+00
   1.5375980e+00
   1.6186440e+00
   1.7476580e+00
   1.8723040e+00
   2.0089950e+00
   2.0808930e+00
   1.9533840e+00
   1.6595710e+00
   1.8565730e+00
   2.1432110e+00
   1.9484290e+00
   1.8375200e+00
   1.7356450e+00
   1.7396580e+00
   1.5423700e+00
   1.5974520e+00
   1.7522530e+00
   1.7397530e+00
   1.7523900e+00
   1.7774100e+00
   1.7361640e+00
   1.6060360e+00
   1.6007150e+00
   1.7158840e+00
   1.7348470e+00
   1.7175940e+00
   1.7566940e+00
   1.6706980e+00
   1.5137690e+00
   1.5244260e+00
   1.7516900e+00
   1.7525650e+00
   1.8032130e+00
   1.8083040e+00
   1.7547750e+00
   1.5632890e+00
   1.5804010e+00
   1.7495930e+00
   1.7352980e+00
   1.7440330e+00
   1.7734440e+00
   1.7575310e+00
   1.7050290e+00
   1.6590760e+00
   1.7965620e+00
   1.8242920e+00
   1.7783200e+00
   1.7949330e+00
   1.7290620e+00
   1.6093730e+00
   1.5897160e+00
   1.7615850e+00
   1.7748110e+00
   1.7631930e+00
   1.8056560e+00
   1.8018090e+00
   1.6297140e+00
   1.5951070e+00
   1.8287720e+00
   1.8398250e+00
   1.8336240e+00
   1.9577060e+00
   1.8911020e+00
   1.6073300e+00
   1.6131230e+00
   1.8581410e+00
   1.8681680e+00
   1.8135680e+00
   1.5384040e+00
   1.6535160e+00
   1.5799610e+00
   1.6327660e+00
   1.8451100e+00
   1.8860610e+00
   1.9639050e+00
   1.9439050e+00
   1.9260640e+00
   1.7273960e+00
   1.7063850e+00
   1.9569330e+00
   1.9764820e+00
   2.0519550e+00
   2.0821020e+00
   1.9457860e+00
   1.8431530e+00
   1.8755350e+00
   2.0693710e+00
   2.0313730e+00
   1.9824910e+00
   1.9530180e+00
   1.9745750e+00
   1.9684800e+00
   1.9007820e+00
   2.0359360e+00
   1.9907460e+00
   1.9207320e+00
   1.8662550e+00
   1.8918410e+00
   1.6815940e+00
   1.5495250e+00
   1.7546600e+00
   1.9087350e+00
   1.9951370e+00
   1.9714870e+00
   1.8021850e+00
