   3.9765000e+01
   2.6100000e+01
   1.9790244e+01
   3.5100000e+01
   4.1165000e+01
   5.6065000e+01
   6.5700000e+01
   6.9100000e+01
   6.4480000e+01
   4.8600000e+01
   5.3238462e+01
   4.4100000e+01
   4.0835000e+01
   3.6000000e+01
   2.6865000e+01
   3.1835000e+01
   3.7135000e+01
   3.9060000e+01
   2.8787500e+01
   1.2900000e+01
   2.4100000e+01
   3.5865000e+01
   2.7000000e+01
   2.4963265e+01
   2.1900000e+01
   2.8900000e+01
   3.2000000e+01
   4.1935000e+01
   5.0632500e+01
   5.1100000e+01
   3.5141667e+01
   3.7327273e+01
   3.3865000e+01
   4.1935000e+01
   5.6200000e+01
   6.0253659e+01
   6.0509434e+01
   3.9900000e+01
   3.7000000e+01
   4.6000000e+01
   3.8700000e+01
   1.7100000e+01
   3.4000000e+01
   3.3761111e+01
   3.2770000e+01
   3.6000000e+01
   3.6850000e+01
   5.9165000e+01
   5.9335000e+01
   2.5000000e+01
   2.1178947e+01
   2.5935000e+01
   3.1253571e+01
   3.0765000e+01
   3.5700000e+01
   3.2000000e+01
   3.5928000e+01
   2.7713636e+01
   2.1900000e+01
   3.7685714e+01
   3.4935000e+01
   3.9765000e+01
   6.7700000e+01
   4.9535000e+01
   3.9765000e+01
   4.6000000e+01
   3.5100000e+01
   3.2000000e+01
   3.0000000e+01
   4.0835000e+01
   4.2700000e+01
   4.2100000e+01
   6.1800000e+01
   4.6765000e+01
   4.5850000e+01
   3.6850000e+01
   4.4865000e+01
   4.6900000e+01
   5.6367568e+01
   4.0535000e+01
   4.2100000e+01
   3.9765000e+01
   4.1000000e+01
   3.9765000e+01
   4.8765000e+01
   5.6835000e+01
   4.5000000e+01
   4.0904142e+01
   4.3935000e+01
   5.0935000e+01
   6.4000000e+01
   6.6465000e+01
   4.6000000e+01
   5.5000000e+01
   6.2100000e+01
   5.3865000e+01
   6.1935000e+01
   6.8000000e+01
   7.2850000e+01
   6.8935000e+01
   6.6900000e+01
   6.8000000e+01
   6.3850000e+01
   4.5000000e+01
   4.8900000e+01
   5.5765000e+01
   6.6900000e+01
   7.4835000e+01
   7.8865000e+01
   7.7470000e+01
   6.3850000e+01
   6.6900000e+01
   7.0800000e+01
   7.4200000e+01
   7.3000000e+01
   7.8865000e+01
   7.5900000e+01
   6.8935000e+01
   5.7030000e+01
   5.1970000e+01
   5.5765000e+01
   7.5000000e+01
   7.8100000e+01
   6.8185000e+01
   6.1935000e+01
   6.9100000e+01
   7.2850000e+01
   7.7935000e+01
   6.0800000e+01
   6.5550000e+01
   6.4900000e+01
   5.5704000e+01
   4.9182857e+01
   6.9100000e+01
   6.2400000e+01
   6.5700000e+01
   5.7000000e+01
   6.3250000e+01
   6.2100000e+01
   5.7900000e+01
   5.9000000e+01
   5.6835000e+01
   5.6700000e+01
   6.3850000e+01
   6.8000000e+01
   7.3765000e+01
   7.9935000e+01
   7.4520000e+01
   6.6765000e+01
   7.3765000e+01
   8.0100000e+01
   8.0471429e+01
   7.7000000e+01
   7.6700000e+01
   7.2715000e+01
   7.1550000e+01
   8.6000000e+01
   9.0000000e+01
   8.7700000e+01
   9.0000000e+01
   8.9940000e+01
   8.0865000e+01
   8.2000000e+01
   8.8935000e+01
   8.5767500e+01
   7.2550000e+01
   8.0100000e+01
   7.7254000e+01
   6.4900000e+01
   6.3850000e+01
   6.7421429e+01
   7.6835000e+01
   8.1000000e+01
   7.8100000e+01
   7.5000000e+01
   7.7000000e+01
   7.9935000e+01
   8.3835000e+01
   8.1850000e+01
   7.9313043e+01
   7.5815000e+01
   6.9666667e+01
   7.5000000e+01
   7.9800000e+01
   7.3315000e+01
   7.0000000e+01
   8.0865000e+01
   8.1850000e+01
   8.0235000e+01
   8.5623256e+01
   8.1850000e+01
   7.9000000e+01
   8.2000000e+01
   8.6000000e+01
   7.7935000e+01
   7.8865000e+01
   8.2000000e+01
   8.4900000e+01
   8.6935000e+01
   8.7100000e+01
   8.6935000e+01
   8.5230000e+01
   8.5835000e+01
   8.1000000e+01
   7.7935000e+01
   7.7935000e+01
   8.1000000e+01
   8.2000000e+01
   8.1000000e+01
   8.2000000e+01
   8.4900000e+01
   8.0100000e+01
   8.4000000e+01
   8.4000000e+01
   8.2000000e+01
   8.0865000e+01
   8.2000000e+01
   7.9935000e+01
   8.3835000e+01
   7.9000000e+01
   7.6835000e+01
   7.8100000e+01
   7.2715000e+01
   7.2850000e+01
   7.7935000e+01
   7.8100000e+01
   7.4700000e+01
   7.5900000e+01
   7.6835000e+01
   8.0100000e+01
   8.2000000e+01
   7.9000000e+01
   8.0100000e+01
   8.6000000e+01
   8.5835000e+01
   8.4765000e+01
   8.7865000e+01
   7.8100000e+01
   7.8365000e+01
   7.0800000e+01
   6.8635000e+01
   7.9000000e+01
   8.2900000e+01
   8.2000000e+01
   8.3835000e+01
   8.5835000e+01
   8.7700000e+01
   8.6000000e+01
   8.6000000e+01
   7.3950000e+01
   7.4550000e+01
   7.9000000e+01
   6.5700000e+01
   7.1100000e+01
   7.9935000e+01
   7.1600000e+01
   7.7935000e+01
   8.6935000e+01
   7.1565000e+01
   6.8000000e+01
   7.3000000e+01
   7.2715000e+01
   7.3765000e+01
   7.6700000e+01
   7.9935000e+01
   7.0000000e+01
   7.3900000e+01
   7.6700000e+01
   7.0935000e+01
   6.8000000e+01
   7.4700000e+01
   7.2715000e+01
   7.0000000e+01
   6.7700000e+01
   5.9000000e+01
   5.3865000e+01
   5.6835000e+01
   6.0100000e+01
   6.3000000e+01
   6.2100000e+01
   6.5835000e+01
   6.3000000e+01
   6.8935000e+01
   7.1100000e+01
   7.5000000e+01
   8.0700000e+01
   7.7770000e+01
   7.3765000e+01
   7.2715000e+01
   6.9218868e+01
   5.1695000e+01
   5.2935000e+01
   5.5900000e+01
   6.2100000e+01
   5.3865000e+01
   5.1100000e+01
   5.6700000e+01
   5.8835000e+01
   5.3865000e+01
   6.0865000e+01
   4.7550000e+01
   4.4775000e+01
   3.7765000e+01
   5.0000000e+01
   6.4000000e+01
   6.5700000e+01
   5.9000000e+01
   6.8000000e+01
   6.8000000e+01
   6.8770000e+01
   7.1100000e+01
   7.1420000e+01
   4.9535000e+01
   4.1935000e+01
   3.6000000e+01
   4.1000000e+01
   5.2000000e+01
   5.7000000e+01
   6.5700000e+01
   5.4525000e+01
   3.7138462e+01
   3.5933333e+01
   3.1700000e+01
   2.8900000e+01
   3.5865000e+01
   2.8765000e+01
   2.8000000e+01
   3.7765000e+01
   4.4100000e+01
   3.6000000e+01
   3.4000000e+01
   3.9900000e+01
   3.7900000e+01
   3.9900000e+01
   3.9900000e+01
   3.8835000e+01
   3.1835000e+01
   4.8000000e+01
   4.8600000e+01
   2.6186538e+01
   2.8765000e+01
   2.8000000e+01
   3.4000000e+01
   5.5900000e+01
   5.4850000e+01
   3.3415000e+01
   3.1835000e+01
   2.7000000e+01
   4.9065000e+01
   5.8535000e+01
   3.2000000e+01
   4.0835000e+01
   3.7900000e+01
   5.1865000e+01
   3.0900000e+01
   3.2000000e+01
   1.4000000e+01
   3.6000000e+01
   5.5000000e+01
   3.4935000e+01
   5.0669565e+01
   6.8000000e+01
   6.4900000e+01
   4.5850000e+01
   3.9765000e+01
   4.3800000e+01
   2.8900000e+01
   4.1000000e+01
   3.4935000e+01
   4.7040000e+01
   3.7094737e+01
   3.4300000e+01
   3.9900000e+01
   2.8765000e+01
   2.5000000e+01
   3.2000000e+01
   2.7850000e+01
   2.8900000e+01
   3.3431579e+01
   1.8496000e+01
   1.5700000e+01
   6.1000000e+00
   2.3300000e+01
   3.1520000e+01
   1.9900000e+01
   2.1000000e+01
   2.0835000e+01
   3.7000000e+01
   4.9835000e+01
   3.0000000e+01
   1.7280000e+01
   2.1000000e+01
   2.5165000e+01
   3.3100000e+01
   2.5000000e+01
   2.5000000e+01
   2.9200000e+01
   4.4100000e+01
   3.6000000e+01
   2.6865000e+01
   1.9765000e+01
   1.7235000e+01
   3.9000000e+01
   5.4850000e+01
   5.1373913e+01
   4.7700000e+01
   5.2568182e+01
   6.5835000e+01
   4.5629412e+01
   3.6850000e+01
   3.3800000e+01
   3.0765000e+01
   3.0900000e+01
   3.6850000e+01
   4.8041860e+01
   3.8686957e+01
   2.5000000e+01
   4.1301887e+01
   2.9775000e+01
   2.2835000e+01
   2.8900000e+01
   5.1100000e+01
   5.2000000e+01
   5.5765000e+01
   3.4000000e+01
   3.2000000e+01
   1.9900000e+01
   2.6100000e+01
   3.7000000e+01
   5.7000000e+01
   6.9100000e+01
   7.2000000e+01
   6.6000000e+01
   5.9935000e+01
   5.5615000e+01
   6.3850000e+01
   3.2000000e+01
   4.6000000e+01
   5.1100000e+01
   5.7765000e+01
   5.5000000e+01
   6.3000000e+01
   7.2000000e+01
   5.3100000e+01
   3.9900000e+01
   4.6000000e+01
   5.6835000e+01
   5.0000000e+01
   5.3700000e+01
   4.8032727e+01
   5.5000000e+01
   5.7900000e+01
   6.0865000e+01
   5.3920000e+01
   4.7700000e+01
   6.9700000e+01
   6.1935000e+01
   6.9100000e+01
   5.7050000e+01
   5.3100000e+01
   6.2865000e+01
   5.8115000e+01
   3.6742857e+01
   5.1100000e+01
   5.7000000e+01
   5.2800000e+01
   5.3100000e+01
   5.0935000e+01
   5.4000000e+01
   5.5900000e+01
   4.8900000e+01
   6.4000000e+01
   6.8935000e+01
   7.3000000e+01
   6.6900000e+01
   5.5765000e+01
   5.3235000e+01
   5.1100000e+01
   5.9000000e+01
   8.4900000e+01
   8.7100000e+01
   8.5835000e+01
   8.6935000e+01
   7.9935000e+01
   5.9770000e+01
   6.7065000e+01
   7.3000000e+01
   6.2100000e+01
   6.3850000e+01
   5.6700000e+01
   6.0100000e+01
   6.4900000e+01
   6.7835000e+01
   6.9100000e+01
   7.3765000e+01
   6.1000000e+01
   6.2235000e+01
   6.3850000e+01
   7.2000000e+01
   7.2850000e+01
   7.9000000e+01
   7.6835000e+01
   5.7900000e+01
   6.0865000e+01
   7.3000000e+01
   8.1000000e+01
   8.2765000e+01
   8.4000000e+01
   8.3835000e+01
   8.0550000e+01
   8.2000000e+01
   7.0935000e+01
   7.8951351e+01
   8.0550000e+01
   6.8000000e+01
   7.1100000e+01
   6.7835000e+01
   7.6835000e+01
   7.7000000e+01
   6.4765000e+01
   6.8770000e+01
   6.4000000e+01
   7.7000000e+01
   7.9935000e+01
   8.0865000e+01
   8.3835000e+01
   7.5900000e+01
   7.1191837e+01
   7.0935000e+01
   7.4835000e+01
   7.7935000e+01
   7.9800000e+01
   8.0865000e+01
   7.4835000e+01
   7.4835000e+01
   7.9000000e+01
   8.2900000e+01
   7.6835000e+01
   8.2900000e+01
   8.2765000e+01
   8.5835000e+01
   8.7100000e+01
   8.1715000e+01
   7.9935000e+01
   7.8365000e+01
   7.8865000e+01
   7.2000000e+01
   7.0785000e+01
   6.6066667e+01
   6.9100000e+01
   7.3765000e+01
   7.6835000e+01
   8.0100000e+01
   7.9000000e+01
   7.5000000e+01
   8.1000000e+01
   8.2000000e+01
   8.2000000e+01
   8.1850000e+01
   7.7935000e+01
   7.7000000e+01
   8.3835000e+01
   8.6935000e+01
   7.4424000e+01
   6.8935000e+01
   7.3000000e+01
   7.3900000e+01
   7.6835000e+01
   7.9000000e+01
   7.3000000e+01
   7.9935000e+01
   7.8235000e+01
   7.8865000e+01
   8.2000000e+01
   8.2765000e+01
   7.3102857e+01
   8.0100000e+01
   7.9935000e+01
   8.1715000e+01
   7.8100000e+01
   7.8100000e+01
   8.1000000e+01
   7.5900000e+01
   7.6700000e+01
   7.8100000e+01
   7.7935000e+01
   8.9100000e+01
   8.8635000e+01
   8.0235000e+01
   7.7284375e+01
   8.1715000e+01
   8.5835000e+01
   8.6935000e+01
   8.7865000e+01
   8.9100000e+01
   8.2765000e+01
   8.0446154e+01
   8.4900000e+01
   8.0865000e+01
   7.9000000e+01
   7.0000000e+01
   7.5900000e+01
   8.0100000e+01
   8.2000000e+01
   7.9935000e+01
   7.3765000e+01
   7.6835000e+01
   6.5835000e+01
   6.8000000e+01
   7.1865000e+01
   7.5000000e+01
   7.5900000e+01
   7.9935000e+01
   7.8865000e+01
   8.2000000e+01
   6.9253659e+01
   7.3900000e+01
   7.5765000e+01
   7.4550000e+01
   6.8000000e+01
   6.9317241e+01
   7.6730000e+01
   7.9800000e+01
   7.9935000e+01
   7.3000000e+01
   7.3615000e+01
   7.5000000e+01
   7.2850000e+01
   8.1000000e+01
   7.5000000e+01
   7.3765000e+01
   7.8100000e+01
   7.5765000e+01
   6.9865000e+01
   6.3550000e+01
   6.6765000e+01
   6.5631250e+01
   5.6835000e+01
   5.4850000e+01
   5.8835000e+01
   5.7900000e+01
   6.6000000e+01
   5.7000000e+01
   6.1935000e+01
   6.4900000e+01
   6.2897143e+01
   5.9000000e+01
   6.9550000e+01
   5.9869767e+01
   5.5000000e+01
   5.5000000e+01
   5.5000000e+01
   4.2865000e+01
   4.3000000e+01
   3.9765000e+01
   3.9120000e+01
   4.9250000e+01
   5.5615000e+01
   6.2700000e+01
   7.0935000e+01
   7.1865000e+01
   6.3285000e+01
   6.4272727e+01
   5.9935000e+01
   6.6000000e+01
   5.9935000e+01
   5.7000000e+01
   5.4000000e+01
   7.2550000e+01
   6.6900000e+01
   5.2935000e+01
   5.5900000e+01
   5.2000000e+01
   4.3000000e+01
   5.0635000e+01
   4.6900000e+01
   6.6765000e+01
   7.0935000e+01
   6.4900000e+01
   5.9935000e+01
   5.4850000e+01
   5.5000000e+01
   6.4000000e+01
   6.6000000e+01
   6.4900000e+01
   5.2935000e+01
   5.5765000e+01
   5.8835000e+01
   5.5400000e+01
   4.9835000e+01
   5.1726316e+01
   5.2800000e+01
   5.2000000e+01
   5.4000000e+01
   5.4000000e+01
   4.8000000e+01
   3.7808163e+01
   4.5850000e+01
   6.1000000e+01
   5.0000000e+01
   4.6900000e+01
   5.4217241e+01
   5.4030769e+01
   3.9054545e+01
   3.0765000e+01
   3.0000000e+01
   3.4000000e+01
   3.7765000e+01
   5.7600000e+01
   2.9835000e+01
   2.8900000e+01
   3.7900000e+01
   4.6663158e+01
   5.2000000e+01
   5.0000000e+01
   2.9700000e+01
   3.0900000e+01
   3.7765000e+01
   2.8900000e+01
   3.0000000e+01
   3.1325000e+01
   3.0900000e+01
   2.8615000e+01
   3.7000000e+01
   4.4100000e+01
   4.4914286e+01
   4.1935000e+01
   2.8553846e+01
   2.3000000e+01
   3.2000000e+01
   3.6000000e+01
   3.3957143e+01
   1.9615000e+01
   1.6000000e+01
   2.2835000e+01
   2.4672727e+01
   2.6100000e+01
   2.4800000e+01
   2.3000000e+01
   2.3000000e+01
   1.9900000e+01
   2.1734211e+01
   2.5000000e+01
   3.0900000e+01
   4.1935000e+01
   4.2865000e+01
   4.9835000e+01
   3.9900000e+01
   3.9765000e+01
   3.5100000e+01
   3.3100000e+01
   4.2100000e+01
   3.9000000e+01
   4.9835000e+01
   5.0000000e+01
   5.0770000e+01
   3.0900000e+01
   3.1065000e+01
   3.2000000e+01
   1.5100000e+01
   2.0700000e+01
   2.8000000e+01
   3.0000000e+01
   3.5100000e+01
   3.4935000e+01
   3.5100000e+01
   3.5202273e+01
   2.8765000e+01
   2.2682353e+01
   2.7850000e+01
   3.3257500e+01
   3.0465000e+01
   2.6100000e+01
   2.7850000e+01
   2.6100000e+01
   2.6865000e+01
   2.8704348e+01
   2.6350000e+01
   2.9550000e+01
   3.4935000e+01
   3.7000000e+01
   3.9000000e+01
   4.1000000e+01
   4.3470000e+01
   3.7618750e+01
   3.6715000e+01
   2.9835000e+01
   2.8156522e+01
   3.2935000e+01
   3.4654545e+01
   3.7000000e+01
   3.4000000e+01
   3.7000000e+01
   3.7900000e+01
   3.9900000e+01
   4.0700000e+01
   4.6900000e+01
   5.1530000e+01
   5.6835000e+01
   6.4615000e+01
   6.6765000e+01
   6.0865000e+01
   4.9700000e+01
   4.5000000e+01
   4.2943750e+01
   5.9000000e+01
   6.2865000e+01
   6.4615000e+01
   6.5835000e+01
   6.6765000e+01
   7.1360000e+01
   6.8000000e+01
   4.5715000e+01
   5.8835000e+01
   5.9000000e+01
   4.2100000e+01
   5.4715000e+01
   4.8170000e+01
   5.0000000e+01
   5.3525000e+01
   6.6000000e+01
   8.0865000e+01
   8.4000000e+01
   8.4000000e+01
   6.9100000e+01
   7.8100000e+01
   8.4900000e+01
   7.9000000e+01
   7.1700000e+01
   4.2865000e+01
   6.1935000e+01
   6.8935000e+01
   6.4000000e+01
   5.4715000e+01
   6.2865000e+01
   7.8865000e+01
   7.8235000e+01
   5.0935000e+01
   4.6000000e+01
   6.1000000e+01
   6.3715000e+01
   6.6600000e+01
   6.6000000e+01
   6.6525000e+01
   6.4765000e+01
   7.4728302e+01
   5.8535000e+01
   5.2800000e+01
   5.2635000e+01
   6.3850000e+01
   8.0865000e+01
   8.2765000e+01
   7.0000000e+01
   7.5000000e+01
   7.1865000e+01
   7.9935000e+01
   7.2000000e+01
   8.2765000e+01
   7.7472727e+01
   5.1100000e+01
   5.7900000e+01
   5.7703125e+01
   5.9000000e+01
   7.6835000e+01
   8.0865000e+01
   6.9865000e+01
   6.8000000e+01
   6.0100000e+01
   6.0100000e+01
   6.7400000e+01
   7.7770000e+01
   7.5030000e+01
   7.1260714e+01
   7.8100000e+01
   7.7000000e+01
   8.1000000e+01
   8.4900000e+01
   8.6000000e+01
   8.4765000e+01
   8.2825000e+01
   8.3835000e+01
   8.2000000e+01
   7.8865000e+01
   8.0918182e+01
   7.7770000e+01
   8.0100000e+01
   7.3765000e+01
   7.5042857e+01
   6.9100000e+01
   7.2000000e+01
   7.0710000e+01
   7.9000000e+01
   7.7770000e+01
   8.4900000e+01
   8.1850000e+01
   7.6835000e+01
   7.8530000e+01
   8.1850000e+01
   6.9865000e+01
   8.2000000e+01
   8.5835000e+01
   8.2000000e+01
   8.3835000e+01
   8.3835000e+01
   8.6770000e+01
   8.0865000e+01
   8.1850000e+01
   8.3835000e+01
   8.7937931e+01
   7.9935000e+01
   7.3765000e+01
   7.3340000e+01
   7.2850000e+01
   7.5900000e+01
   8.3835000e+01
   8.7100000e+01
   8.9865000e+01
   9.1615000e+01
   9.2700000e+01
   9.1000000e+01
   8.4465000e+01
   8.4000000e+01
   8.4900000e+01
   8.1850000e+01
   7.9935000e+01
   8.4900000e+01
   8.7100000e+01
   8.5835000e+01
   8.7100000e+01
   8.8935000e+01
   8.2900000e+01
   8.1850000e+01
   8.5730000e+01
   8.6000000e+01
   9.1900000e+01
   9.1760000e+01
   8.2000000e+01
   8.2615000e+01
   8.4765000e+01
   8.8935000e+01
   8.2000000e+01
   8.0100000e+01
   8.1000000e+01
   8.2765000e+01
   8.5835000e+01
   7.7935000e+01
   8.7357143e+01
   8.5835000e+01
   7.7935000e+01
   7.9935000e+01
   8.4765000e+01
   8.8935000e+01
   9.1900000e+01
   9.0850000e+01
   8.4900000e+01
   8.4900000e+01
   8.8935000e+01
   8.6000000e+01
   8.2900000e+01
   8.2000000e+01
   8.4000000e+01
   8.6000000e+01
   8.8000000e+01
   8.6935000e+01
   8.0100000e+01
   7.3615000e+01
   7.2000000e+01
   7.7000000e+01
   7.6835000e+01
   7.6835000e+01
   8.4765000e+01
   8.9865000e+01
   9.0715000e+01
   9.1000000e+01
   8.9700000e+01
   9.2700000e+01
   8.6000000e+01
   6.8470000e+01
   7.0000000e+01
   7.8100000e+01
   8.9100000e+01
   7.3000000e+01
   6.6765000e+01
   6.8481250e+01
   7.8695000e+01
   7.3615000e+01
   8.0865000e+01
   7.5900000e+01
   7.6835000e+01
   6.7676000e+01
   6.4765000e+01
   7.6700000e+01
   7.8700000e+01
   7.1865000e+01
   8.4765000e+01
   8.6000000e+01
   8.7100000e+01
   8.8935000e+01
   7.3382500e+01
   6.4900000e+01
   6.4792857e+01
   6.2865000e+01
   6.4000000e+01
   6.4900000e+01
   6.4615000e+01
   6.4765000e+01
   5.4000000e+01
   4.8900000e+01
   5.0935000e+01
   5.1957143e+01
   6.6900000e+01
   7.3000000e+01
   7.7000000e+01
   8.2000000e+01
   7.8100000e+01
   6.9100000e+01
   6.8000000e+01
   5.6700000e+01
   5.7465000e+01
   6.1000000e+01
   6.7835000e+01
   5.8835000e+01
   5.6835000e+01
   6.0100000e+01
   5.5900000e+01
   5.4000000e+01
   6.9865000e+01
   7.5000000e+01
   6.4000000e+01
   7.8865000e+01
   6.7835000e+01
   6.1935000e+01
   4.5850000e+01
   5.4850000e+01
   5.1535000e+01
   4.6900000e+01
   5.0935000e+01
   5.7765000e+01
   4.5000000e+01
   4.3935000e+01
   3.9200000e+01
   4.4940000e+01
   5.7900000e+01
   5.7000000e+01
   5.9935000e+01
   6.3000000e+01
   6.6600000e+01
   6.6765000e+01
   5.1800000e+01
   4.6900000e+01
   5.4150000e+01
   5.4250000e+01
   4.2700000e+01
   4.4865000e+01
   4.5000000e+01
   6.2940000e+01
   6.9100000e+01
   6.1800000e+01
   3.7900000e+01
   5.3581132e+01
   5.3565000e+01
   3.3100000e+01
   4.0835000e+01
   5.0000000e+01
   5.3350000e+01
   4.9477419e+01
   2.8900000e+01
   2.9686957e+01
   3.0170000e+01
   2.6672727e+01
   2.6100000e+01
   2.4100000e+01
   2.6360000e+01
   2.5935000e+01
   3.6000000e+01
   4.6180000e+01
   4.1000000e+01
   2.2558750e+01
   1.7100000e+01
   2.1900000e+01
   2.4100000e+01
   2.8000000e+01
   2.6865000e+01
   2.5000000e+01
   2.7000000e+01
   2.8900000e+01
   3.0200000e+01
   3.0000000e+01
   2.8663158e+01
   2.8000000e+01
   2.4100000e+01
   2.5935000e+01
   3.0765000e+01
   3.7000000e+01
   3.9175000e+01
   5.7600000e+01
   5.5765000e+01
   3.9765000e+01
   3.4000000e+01
   3.7765000e+01
   2.7850000e+01
   3.0069231e+01
   2.3000000e+01
   1.9078261e+01
   2.3935000e+01
   2.6360000e+01
   2.7000000e+01
   2.4303226e+01
   2.3000000e+01
   2.5000000e+01
   3.5865000e+01
   2.3935000e+01
   3.2000000e+01
   4.4240625e+01
   3.5600000e+01
   2.5800000e+01
   2.2694340e+01
   1.9000000e+01
   1.8000000e+01
   3.0465000e+01
   3.5421429e+01
   3.3296875e+01
   2.8765000e+01
   3.0000000e+01
   3.3100000e+01
   3.0000000e+01
   3.2000000e+01
   3.7135000e+01
   4.8180000e+01
   2.7000000e+01
   3.4000000e+01
   3.7075000e+01
   3.2000000e+01
   3.6606250e+01
   2.8355263e+01
   2.1900000e+01
   1.9900000e+01
   3.2000000e+01
   3.5865000e+01
   5.0000000e+01
   4.9835000e+01
   3.7000000e+01
   5.4000000e+01
   6.3850000e+01
   6.4765000e+01
   4.1770000e+01
   3.7000000e+01
   3.4935000e+01
   3.1835000e+01
   3.5940000e+01
   3.9765000e+01
   3.5865000e+01
   3.6850000e+01
   5.4850000e+01
   6.2600000e+01
   4.2100000e+01
   4.3000000e+01
   3.7000000e+01
   5.5000000e+01
   5.2895000e+01
   5.0000000e+01
   3.9900000e+01
   4.8900000e+01
   4.5000000e+01
   5.1959091e+01
   3.4000000e+01
   5.7900000e+01
   4.1935000e+01
   4.4865000e+01
   4.5000000e+01
   4.5000000e+01
   6.2100000e+01
   7.1100000e+01
   4.8900000e+01
   6.0100000e+01
   7.2000000e+01
   4.8000000e+01
   6.7655319e+01
   3.9765000e+01
   3.6000000e+01
   3.5865000e+01
   3.8835000e+01
   3.9005000e+01
   4.4700000e+01
   4.2100000e+01
   3.6000000e+01
   4.4100000e+01
   4.6765000e+01
   5.2300000e+01
   6.9689655e+01
   4.4920000e+01
   6.0400000e+01
   6.1935000e+01
   5.0935000e+01
   5.6835000e+01
   8.2000000e+01
   7.5900000e+01
   5.5190000e+01
   5.6835000e+01
   6.8770000e+01
   6.9700000e+01
   5.8835000e+01
   5.9000000e+01
   6.8000000e+01
   6.0865000e+01
   7.1944231e+01
   5.2000000e+01
   4.8038298e+01
   7.3000000e+01
   6.5200000e+01
   8.1000000e+01
   7.9700000e+01
   8.2135000e+01
   6.4000000e+01
   5.1700000e+01
   6.2100000e+01
   6.1000000e+01
   7.0935000e+01
   5.2635000e+01
   4.9835000e+01
   6.3000000e+01
   6.3850000e+01
   6.2785000e+01
   6.7835000e+01
   6.9865000e+01
   7.5765000e+01
   8.0100000e+01
   8.0865000e+01
   7.7935000e+01
   7.4835000e+01
   6.6900000e+01
   5.4000000e+01
   6.0550000e+01
   6.5600000e+01
   6.4765000e+01
   6.9100000e+01
   7.8700000e+01
   8.2000000e+01
   7.8700000e+01
   7.3900000e+01
   8.1000000e+01
   8.1000000e+01
   6.8000000e+01
   7.8865000e+01
   8.6935000e+01
   8.9100000e+01
   9.0000000e+01
   8.4000000e+01
   7.3000000e+01
   7.5200000e+01
   8.4900000e+01
   8.4900000e+01
   8.4000000e+01
   7.7935000e+01
   9.0000000e+01
   8.9100000e+01
   7.8865000e+01
   7.9800000e+01
   7.7635000e+01
   7.3900000e+01
   6.7835000e+01
   7.7000000e+01
   7.5900000e+01
   7.8695000e+01
   7.9635000e+01
   7.9000000e+01
   7.8530000e+01
   8.4900000e+01
   8.2000000e+01
   7.8100000e+01
   6.9535000e+01
   7.1600000e+01
   7.5765000e+01
   8.0100000e+01
   8.4000000e+01
   7.7000000e+01
   7.9635000e+01
   8.5835000e+01
   8.2765000e+01
   8.8000000e+01
   8.3835000e+01
   8.5835000e+01
   8.7970000e+01
   8.7100000e+01
   7.5465000e+01
   8.6935000e+01
   8.8000000e+01
   8.9700000e+01
   8.8000000e+01
   8.0700000e+01
   8.1850000e+01
   8.2765000e+01
   8.4900000e+01
   8.4765000e+01
   8.7100000e+01
   8.4900000e+01
   9.0000000e+01
   9.3170000e+01
   9.5000000e+01
   9.0000000e+01
   8.7700000e+01
   8.4000000e+01
   8.6935000e+01
   8.2765000e+01
   8.9865000e+01
   9.1000000e+01
   8.8800000e+01
   9.0850000e+01
   8.8800000e+01
   9.0715000e+01
   7.6835000e+01
   8.6000000e+01
   9.0715000e+01
   8.4900000e+01
   8.6935000e+01
   8.2000000e+01
   8.2900000e+01
   8.2130000e+01
   7.8100000e+01
   8.1850000e+01
   8.4795000e+01
   7.3900000e+01
   7.3600000e+01
   8.2765000e+01
   8.4000000e+01
   8.4900000e+01
   8.3424000e+01
   8.4000000e+01
   7.9074419e+01
   7.5000000e+01
   7.8700000e+01
   8.1000000e+01
   8.2765000e+01
   7.7935000e+01
   8.3835000e+01
   7.8865000e+01
   8.0747368e+01
   8.0700000e+01
   8.4795000e+01
   8.1715000e+01
   9.0000000e+01
   9.4835000e+01
   7.9935000e+01
   6.6900000e+01
   6.2525000e+01
   7.1970000e+01
   7.6835000e+01
   7.5170000e+01
   7.5465000e+01
   7.5000000e+01
   7.6835000e+01
   8.1000000e+01
   7.5900000e+01
   5.9770000e+01
   5.9000000e+01
   6.4900000e+01
   6.6000000e+01
   6.4900000e+01
   7.2850000e+01
   7.9800000e+01
   7.5900000e+01
   6.8000000e+01
   6.9530000e+01
   7.8695000e+01
   8.1520000e+01
   7.0935000e+01
   7.0800000e+01
   6.2940000e+01
   5.8930769e+01
   4.9682353e+01
   4.5850000e+01
   5.3421429e+01
   6.2865000e+01
   7.0935000e+01
   7.2925000e+01
   7.4835000e+01
   7.8865000e+01
   7.9800000e+01
   7.2000000e+01
   7.1865000e+01
   6.4000000e+01
   6.9100000e+01
   6.0235000e+01
   6.0865000e+01
   6.6900000e+01
   6.2865000e+01
   6.4900000e+01
   6.6000000e+01
   4.9850000e+01
   4.6815094e+01
   5.5900000e+01
   6.0100000e+01
   5.4000000e+01
   6.2865000e+01
   6.1935000e+01
   5.7600000e+01
   4.2100000e+01
   3.9138462e+01
   4.2100000e+01
   5.1100000e+01
   5.5900000e+01
   6.3000000e+01
   6.1935000e+01
   5.3100000e+01
   5.4000000e+01
   5.9770000e+01
   6.4765000e+01
   6.8000000e+01
   6.7835000e+01
   4.8180000e+01
   4.1000000e+01
   6.0100000e+01
   6.4190000e+01
   7.0000000e+01
   5.6760000e+01
   5.3907692e+01
   3.9000000e+01
   4.2100000e+01
   5.5000000e+01
   5.9000000e+01
   4.4897143e+01
   5.9000000e+01
   5.9000000e+01
   4.5000000e+01
   5.7900000e+01
   6.0100000e+01
   5.8835000e+01
   5.9000000e+01
   5.8352000e+01
   3.9000000e+01
   3.9000000e+01
   4.2963265e+01
   4.8765000e+01
   6.0100000e+01
   6.0100000e+01
   5.1243182e+01
   3.9765000e+01
   3.4000000e+01
   4.2100000e+01
   3.2935000e+01
   3.7000000e+01
   4.3000000e+01
   4.6000000e+01
   4.6900000e+01
   5.7900000e+01
   3.9765000e+01
   3.2000000e+01
   3.5700000e+01
   4.5000000e+01
   4.4700000e+01
   5.9558621e+01
   4.8690000e+01
   3.8835000e+01
   3.7000000e+01
   4.5715000e+01
   4.1000000e+01
   4.2277419e+01
   3.5207143e+01
   4.1165000e+01
   5.1695000e+01
